51.59 (172)
107.38 (998), 120.14 (980), 136.94 (1000), 89.47 (951)
116.30 (998), 152.28 (980), 126.34 (1000), 92.50 (951)
113.16 (519)
103.91 (998), 118.70 (980), 93.11 (1000), 88.98 (951)
113.64 (998), 95.52 (980), 86.00 (1000), 139.44 (951)
85.12 (390)
131.47 (998), 146.16 (980), 92.22 (1000), 120.42 (951)
48.92 (236)
119.58 (1000), 100.05 (995), 73.23 (1000), 69.86 (391)
143.98 (988), 188.34 (997), 123.97 (992), 109.16 (981)
168.12 (990), 47.84 (327)
113.23 (683)
180.95 (988), 55.34 (215)
chunk=1 streaming_fallback_used=False problem_segments=10
44.23 (126)
chunk=1 streaming_fallback_used=False problem_segments=2
68.67 (126)
chunk=1 streaming_fallback_used=False problem_segments=10
40.19 (126)
chunk=1 streaming_fallback_used=False problem_segments=1
53.95 (73)
chunk=1 streaming_fallback_used=False problem_segments=8
59.95 (263)
chunk=1 streaming_fallback_used=False problem_segments=22
43.52 (266)
chunk=1 streaming_fallback_used=False problem_segments=23
48.64 (296)
97.22 (126)
70.50 (293)
57.17 (126)
58.25 (126)
56.95 (293)


chunk=1 streaming_fallback_used=False problem_segments=4
19.75 (61)
chunk=1 streaming_fallback_used=False problem_segments=4
18.61 (61)
181.48 (1499), 211.30 (1494), 109.77 (784)
chunk=1 streaming_fallback_used=False problem_segments=4
37.97 (61)
chunk=1 streaming_fallback_used=False problem_segments=4
14.48 (61)
chunk=1 streaming_fallback_used=False problem_segments=4
20.69 (61)
chunk=1 streaming_fallback_used=False problem_segments=4
27.14 (61)
chunk=1 streaming_fallback_used=False problem_segments=4
24.19 (61)
chunk=1 streaming_fallback_used=False problem_segments=4
32.23 (61)
chunk=1 streaming_fallback_used=False problem_segments=4
38.16 (61)
chunk=1 streaming_fallback_used=False problem_segments=4
41.09 (61)
chunk=1 streaming_fallback_used=False problem_segments=4
24.61 (61)
21.27 (61)
23.48 (61)
19.53 (61)
66.30 (246)
32.70 (61)
19.22 (61)
78.45 (246)
35.25 (61)
121.03 (308)
25.56 (36)
43.62 (37)
37.56 (24)
47.31 (45)
16.97 (16)
59.91 (308)
28.64 (36)
54.09 (37)
52.30 (24)
43.98 (45)
53.44 (45)
27.20 (16)
51.58 (24)
123.45 (308)
91.52 (307)
100.61 (308)
46.34 (92)
45.70 (75)
44.51 (75)
58.00 (75)
38.97 (75)
170.91 (1483), 181.38 (669)
171.36 (1489), 209.75 (1039)
221.02 (1489), 212.77 (1039)
192.52 (1278)
196.41 (1473), 170.77 (1072)
220.74 (1496), 267.75 (989)
212.28 (1496), 176.67 (989)
187.73 (1496), 150.66 (989)
263.06 (1496), 234.11 (989)
225.17 (1496), 285.77 (989)
307.44 (1496), 142.88 (989)
88.00 (152)
83.09 (152)
288.70 (1294)
325.34 (1294)
108.88 (1498), 52.66 (191)
140.33 (1500), 105.31 (910)
223.33 (1498), 96.73 (180)
209.45 (1498), 68.83 (180)
161.17 (1498), 77.08 (180)
42.73 (1496), 51.53 (989)
240.20 (1498), 248.86 (1498), 110.84 (188)
261.34 (1498), 279.69 (1498), 93.00 (188)
231.62 (1498), 254.89 (1498), 61.61 (188)
229.20 (1500), 276.30 (984)
215.12 (1500), 248.83 (984)
138.23 (1500), 239.28 (984)
120.64 (1500), 248.25 (984)
137.94 (1500), 198.56 (984)
107.05 (1500), 161.14 (984)
55.97 (86)
253.42 (1165)

61.66 (16)
30.95 (18)
28.42 (18)
15.75 (17)
10.75 (12)
14.55 (2)
13.12 (18)
17.61 (18)
24.02 (18)
23.53 (20)
35.86 (18)
0.00 (18)
0.00 (20)
0.00 (18)
0.00 (18)
33.47 (18)
7.23 (20)
23.88 (18)
15.58 (18)
34.69 (12)
20.53 (12)
34.78 (11)
7.97 (20)
19.59 (12)
22.14 (11)
7.83 (8)
22.55 (10)
152.33 (1487), 259.88 (992)


221.44 (1487), 250.47 (992)
110.14 (1500), 244.95 (984)
169.00 (1500), 289.80 (984)
81.75 (1500), 227.75 (984)
132.84 (1500), 125.91 (984)
100.50 (1000), 233.59 (991), 142.22 (486)
141.09 (1000), 85.11 (991), 161.03 (486)
219.59 (1000), 201.33 (991), 131.08 (486)
131.25 (1000), 191.05 (509)
103.30 (355)
100.34 (266)
192.45 (266)
142.72 (266)
170.19 (265)
124.50 (265)
21.83 (265)
125.30 (265)
129.42 (265)
108.50 (266)
111.50 (998), 155.25 (997), 116.47 (486)
185.19 (997), 199.75 (981), 232.83 (995), 162.84 (763)
101.75 (988), 113.45 (991), 151.41 (994), 259.25 (999), 244.41 (420)
59.75 (413)
55.19 (413)
78.17 (413)
38.06 (413)
98.06 (413)
59.66 (413)
25.94 (413)
25.22 (413)
11.62 (413)
68.45 (413)
